8.7753999999999999e-01
3.5893999999999998e-01
2.6800000000000002e+00
-2.0669999999999999e-01 0.0000000000000000e+00 4.9349999999999993e-03
-1.1500000000000000e-01
8
-8.7266462599716474e-02
-4.3633231299858237e-02
0.0000000000000000e+00
4.3633231299858237e-02
8.7266462599716474e-02
1.3089969389957470e-01
1.7453292519943295e-01
2.1816615649929119e-01
5
-8.0000000000000000e+00
-4.0000000000000000e+00
0.0000000000000000e+00
4.0000000000000000e+00
8.0000000000000000e+00
8
5
-2.1559999999999999e-02
-2.9489999999999999e-02
-2.5450000000000000e-02
-9.4800000000000006e-03
1.8310000000000000e-02
5.7700000000000001e-02
1.0839000000000000e-01
1.7000000000000001e-01
-2.0400000000000001e-02
-2.7890000000000002e-02
-2.3410000000000000e-02
-7.0099999999999997e-03
2.1200000000000000e-02
6.0990000000000003e-02
1.1207000000000000e-01
1.7405000000000001e-01
-2.0469999999999999e-02
-2.7519999999999999e-02
-2.2610000000000002e-02
-5.7800000000000004e-03
2.2849999999999999e-02
6.3070000000000001e-02
1.1455000000000000e-01
1.7691999999999999e-01
-2.1780000000000001e-02
-2.8400000000000002e-02
-2.3060000000000001e-02
-5.7900000000000000e-03
2.3279999999999999e-02
6.3920000000000005e-02
1.1583000000000000e-01
1.7860000000000001e-01
-2.4320000000000001e-02
-3.0519999999999999e-02
-2.4750000000000001e-02
-7.0400000000000003e-03
2.2470000000000000e-02
6.3549999999999995e-02
1.1589000000000001e-01
1.7910000000000001e-01
8
5
0.0000000000000000e+00
0.0000000000000000e+00
0.0000000000000000e+00
0.0000000000000000e+00
-0.0000000000000000e+00
-0.0000000000000000e+00
-0.0000000000000000e+00
-0.0000000000000000e+00
0.0000000000000000e+00
0.0000000000000000e+00
0.0000000000000000e+00
0.0000000000000000e+00
-0.0000000000000000e+00
-0.0000000000000000e+00
-0.0000000000000000e+00
-0.0000000000000000e+00
0.0000000000000000e+00
0.0000000000000000e+00
0.0000000000000000e+00
0.0000000000000000e+00
-0.0000000000000000e+00
-0.0000000000000000e+00
-0.0000000000000000e+00
-0.0000000000000000e+00
0.0000000000000000e+00
0.0000000000000000e+00
0.0000000000000000e+00
0.0000000000000000e+00
-0.0000000000000000e+00
-0.0000000000000000e+00
-0.0000000000000000e+00
-0.0000000000000000e+00
0.0000000000000000e+00
0.0000000000000000e+00
0.0000000000000000e+00
0.0000000000000000e+00
-0.0000000000000000e+00
-0.0000000000000000e+00
-0.0000000000000000e+00
-0.0000000000000000e+00
8
5
-1.0065000000000000e-01
-2.9391000000000000e-01
-4.8660999999999999e-01
-6.7727999999999999e-01
-8.6448000000000003e-01
-1.0467599999999999e+00
-1.2227600000000001e+00
-1.3911300000000000e+00
-1.3311999999999999e-01
-3.2639000000000001e-01
-5.1898999999999995e-01
-7.0943000000000001e-01
-8.9627000000000001e-01
-1.0780900000000000e+00
-1.2535000000000001e+00
-1.4211700000000000e+00
-1.6538000000000000e-01
-3.5866999999999999e-01
-5.5115999999999998e-01
-7.4136999999999997e-01
-9.2786000000000002e-01
-1.1092100000000000e+00
-1.2840400000000001e+00
-1.4510200000000000e+00
-1.9742999999999999e-01
-3.9073999999999998e-01
-5.8311999999999997e-01
-7.7310999999999996e-01
-9.5925000000000005e-01
-1.1401300000000001e+00
-1.3143800000000001e+00
-1.4806699999999999e+00
-2.2928999999999999e-01
-4.2260999999999999e-01
-6.1487999999999998e-01
-8.0464000000000002e-01
-9.9043000000000003e-01
-1.1708499999999999e+00
-1.3445199999999999e+00
-1.5101300000000000e+00
8
5
1.2146705256773435e-02
1.2375888374825755e-02
1.2146705256773435e-02
1.1459155902616475e-02
1.0313240312354796e-02
8.4797753679360776e-03
6.4171273054652771e-03
3.6669298888371191e-03
1.2146705256773515e-02
1.2375888374825835e-02
1.2146705256773435e-02
1.1459155902616456e-02
1.0084057194302476e-02
8.4797753679360776e-03
6.4171273054652771e-03
3.6669298888371191e-03
1.1917522138721114e-02
1.2146705256773435e-02
1.1917522138721194e-02
1.1459155902616475e-02
1.0313240312354876e-02
8.2505922498838369e-03
6.1879441874130364e-03
3.4377467707851972e-03
1.2146705256773435e-02
1.2375888374825835e-02
1.2146705256773435e-02
1.1459155902616456e-02
1.0084057194302555e-02
8.2505922498838369e-03
5.9587610693604782e-03
3.4377467707845609e-03
1.2146705256773515e-02
1.2375888374825755e-02
1.2375888374825835e-02
1.1459155902616475e-02
1.0084057194302476e-02
8.4797753679363951e-03
6.1879441874127181e-03
3.4377467707845609e-03
8
5
-4.8013863231962989e-01
-4.8128454790989156e-01
-4.8151373102794387e-01
-4.8082618167378682e-01
-4.7922189984742058e-01
-4.7670088554884493e-01
-4.7326313877806003e-01
-4.6890865953506572e-01
-4.7990944920157758e-01
-4.8105536479183925e-01
-4.8151373102794387e-01
-4.8082618167378682e-01
-4.7922189984742058e-01
-4.7670088554884493e-01
-4.7326313877806003e-01
-4.6890865953506572e-01
-4.7990944920157758e-01
-4.8105536479183925e-01
-4.8128454790989156e-01
-4.8059699855573451e-01
-4.7922189984742058e-01
-4.7670088554884493e-01
-4.7326313877806003e-01
-4.6890865953506572e-01
-4.7990944920157758e-01
-4.8105536479183925e-01
-4.8128454790989156e-01
-4.8059699855573451e-01
-4.7899271672936822e-01
-4.7647170243079262e-01
-4.7326313877806003e-01
-4.6890865953506572e-01
-4.7990944920157758e-01
-4.8105536479183925e-01
-4.8128454790989156e-01
-4.8059699855573451e-01
-4.7899271672936822e-01
-4.7647170243079262e-01
-4.7303395566000761e-01
-4.6890865953506572e-01
8
5
3.8961130068896777e-03
1.2146705256774151e-02
2.0626480624709908e-02
2.8877072874594383e-02
3.7356848242530140e-02
4.5149074256304406e-02
5.2712117152035019e-02
6.0275160047760547e-02
5.5003948332556793e-03
1.3521803965088229e-02
2.2230762451074002e-02
3.0481354700961021e-02
3.8502763832791664e-02
4.6524172964622301e-02
5.4087215860352915e-02
6.1421075638024611e-02
6.8754935415697577e-03
1.5126085791453595e-02
2.3605861159389355e-02
3.1856453409273823e-02
3.9877862541104467e-02
4.7899271672935111e-02
5.5462314568665724e-02
6.2796174346337413e-02
8.0214091318312787e-03
1.6501184499767674e-02
2.4980959867702161e-02
3.3231552117586632e-02
4.1252961249419816e-02
4.9045187263199175e-02
5.6837413276978534e-02
6.4171273054650230e-02
9.6256909581979161e-03
1.7876283208081753e-02
2.6356058576017510e-02
3.4606650825901981e-02
4.2628059957735172e-02
5.0420285971511984e-02
5.7983328867237505e-02
6.5317188644914287e-02
8
5
-0.0000000000000000e+00
-9.9999999999999995e-07
-1.9999999999999999e-06
-3.0000000000000001e-06
-3.9999999999999998e-06
-5.0000000000000004e-06
-6.0000000000000002e-06
-6.9999999999999999e-06
-0.0000000000000000e+00
-9.9999999999999995e-07
-1.9999999999999999e-06
-3.0000000000000001e-06
-3.9999999999999998e-06
-5.0000000000000004e-06
-6.0000000000000002e-06
-6.9999999999999999e-06
-0.0000000000000000e+00
-9.9999999999999995e-07
-1.9999999999999999e-06
-3.0000000000000001e-06
-3.9999999999999998e-06
-5.0000000000000004e-06
-6.0000000000000002e-06
-6.9999999999999999e-06
-0.0000000000000000e+00
-9.9999999999999995e-07
-1.9999999999999999e-06
-3.0000000000000001e-06
-3.9999999999999998e-06
-5.0000000000000004e-06
-6.0000000000000002e-06
-6.9999999999999999e-06
-0.0000000000000000e+00
-9.9999999999999995e-07
-1.9999999999999999e-06
-3.0000000000000001e-06
-3.9999999999999998e-06
-5.0000000000000004e-06
-6.0000000000000002e-06
-6.9999999999999999e-06
8
5
1.4838000000000000e-02
5.2427000000000001e-02
8.9914999999999995e-02
1.2723300000000001e-01
1.6430800000000001e-01
2.0107000000000000e-01
2.3744999999999999e-01
2.7337800000000001e-01
1.8135999999999999e-02
5.5733999999999999e-02
9.3225000000000002e-02
1.3053999999999999e-01
1.6760600000000000e-01
2.0435200000000001e-01
2.4071000000000001e-01
2.7661000000000002e-01
2.1433000000000001e-02
5.9041000000000003e-02
9.6534999999999996e-02
1.3384699999999999e-01
1.7090300000000000e-01
2.0763400000000001e-01
2.4396999999999999e-01
2.7984100000000001e-01
2.4731000000000000e-02
6.2347000000000000e-02
9.9846000000000004e-02
1.3715400000000000e-01
1.7419999999999999e-01
2.1091599999999999e-01
2.4723000000000001e-01
2.8307300000000002e-01
2.8028000000000001e-02
6.5654000000000004e-02
1.0315600000000000e-01
1.4046000000000000e-01
1.7749799999999999e-01
2.1419800000000000e-01
2.5048900000000002e-01
2.8630400000000000e-01
8
5
-0.0000000000000000e+00
0.0000000000000000e+00
0.0000000000000000e+00
0.0000000000000000e+00
0.0000000000000000e+00
0.0000000000000000e+00
0.0000000000000000e+00
0.0000000000000000e+00
-0.0000000000000000e+00
0.0000000000000000e+00
0.0000000000000000e+00
0.0000000000000000e+00
0.0000000000000000e+00
0.0000000000000000e+00
0.0000000000000000e+00
0.0000000000000000e+00
-0.0000000000000000e+00
0.0000000000000000e+00
-0.0000000000000000e+00
-0.0000000000000000e+00
0.0000000000000000e+00
0.0000000000000000e+00
-0.0000000000000000e+00
-0.0000000000000000e+00
-0.0000000000000000e+00
0.0000000000000000e+00
0.0000000000000000e+00
0.0000000000000000e+00
0.0000000000000000e+00
0.0000000000000000e+00
0.0000000000000000e+00
0.0000000000000000e+00
0.0000000000000000e+00
0.0000000000000000e+00
0.0000000000000000e+00
0.0000000000000000e+00
-0.0000000000000000e+00
-0.0000000000000000e+00
0.0000000000000000e+00
0.0000000000000000e+00
8
5
-7.2630099999999997e-01
-4.8491699999999999e-01
-2.4260899999999999e-01
1.6000000000000001e-04
2.4292900000000001e-01
4.8523600000000000e-01
7.2661900000000001e-01
9.6661799999999998e-01
-6.7107099999999997e-01
-4.2996000000000001e-01
-1.8803100000000000e-01
5.4255999999999999e-02
2.9643999999999998e-01
5.3805999999999998e-01
7.7865600000000001e-01
1.0177689999999999e+00
-6.1344200000000004e-01
-3.7259700000000001e-01
-1.3104299999999999e-01
1.1076000000000000e-01
3.5235200000000000e-01
5.9327399999999997e-01
8.3306599999999997e-01
1.0712720000000000e+00
-5.5341200000000002e-01
-3.1282700000000002e-01
-7.1647000000000002e-02
1.6966999999999999e-01
4.1066300000000000e-01
6.5087499999999998e-01
8.8984799999999997e-01
1.1271270000000000e+00
-4.9098199999999997e-01
-2.5064999999999998e-01
-9.8410000000000008e-03
2.3098600000000000e-01
4.7137400000000002e-01
7.1086499999999997e-01
9.4900300000000004e-01
1.1853340000000001e+00
8
5
0.0000000000000000e+00
0.0000000000000000e+00
0.0000000000000000e+00
-0.0000000000000000e+00
0.0000000000000000e+00
-0.0000000000000000e+00
0.0000000000000000e+00
0.0000000000000000e+00
0.0000000000000000e+00
-0.0000000000000000e+00
0.0000000000000000e+00
-0.0000000000000000e+00
-0.0000000000000000e+00
0.0000000000000000e+00
-0.0000000000000000e+00
-0.0000000000000000e+00
0.0000000000000000e+00
0.0000000000000000e+00
0.0000000000000000e+00
-0.0000000000000000e+00
-0.0000000000000000e+00
0.0000000000000000e+00
-0.0000000000000000e+00
-0.0000000000000000e+00
-0.0000000000000000e+00
0.0000000000000000e+00
0.0000000000000000e+00
-0.0000000000000000e+00
-0.0000000000000000e+00
-0.0000000000000000e+00
-0.0000000000000000e+00
-0.0000000000000000e+00
-0.0000000000000000e+00
0.0000000000000000e+00
-0.0000000000000000e+00
0.0000000000000000e+00
-0.0000000000000000e+00
-0.0000000000000000e+00
-0.0000000000000000e+00
-0.0000000000000000e+00
8
5
-7.7986820000000003e+00
-7.7517329999999998e+00
-7.6900290000000000e+00
-7.6136869999999996e+00
-7.5228510000000002e+00
-7.4176940000000000e+00
-7.2984179999999999e+00
-7.1652490000000002e+00
-7.7058999999999997e+00
-7.6588680000000000e+00
-7.5972569999999999e+00
-7.5211850000000000e+00
-7.4307970000000001e+00
-7.3262630000000000e+00
-7.2077830000000001e+00
-7.0755830000000000e+00
-7.6135799999999998e+00
-7.5664680000000004e+00
-7.5049510000000001e+00
-7.4291510000000001e+00
-7.3392080000000002e+00
-7.2352930000000004e+00
-7.1176060000000003e+00
-6.9863700000000000e+00
-7.5217239999999999e+00
-7.4745309999999998e+00
-7.4131119999999999e+00
-7.3375820000000003e+00
-7.2480820000000001e+00
-7.1447849999999997e+00
-7.0278879999999999e+00
-6.8976139999999999e+00
-7.4303319999999999e+00
-7.3830619999999998e+00
-7.3217359999999996e+00
-7.2464760000000004e+00
-7.1574200000000001e+00
-7.0547389999999996e+00
-6.9386270000000003e+00
-6.8093100000000000e+00
8
5
0.0000000000000000e+00
0.0000000000000000e+00
0.0000000000000000e+00
0.0000000000000000e+00
0.0000000000000000e+00
0.0000000000000000e+00
9.9999999999999995e-07
9.9999999999999995e-07
0.0000000000000000e+00
0.0000000000000000e+00
0.0000000000000000e+00
0.0000000000000000e+00
0.0000000000000000e+00
0.0000000000000000e+00
9.9999999999999995e-07
9.9999999999999995e-07
0.0000000000000000e+00
0.0000000000000000e+00
0.0000000000000000e+00
0.0000000000000000e+00
0.0000000000000000e+00
0.0000000000000000e+00
9.9999999999999995e-07
9.9999999999999995e-07
0.0000000000000000e+00
0.0000000000000000e+00
0.0000000000000000e+00
0.0000000000000000e+00
0.0000000000000000e+00
0.0000000000000000e+00
9.9999999999999995e-07
9.9999999999999995e-07
0.0000000000000000e+00
0.0000000000000000e+00
0.0000000000000000e+00
0.0000000000000000e+00
0.0000000000000000e+00
0.0000000000000000e+00
9.9999999999999995e-07
9.9999999999999995e-07
8
5
3.9406200000000002e-01
3.9337600000000000e-01
3.9194099999999998e-01
3.8976000000000000e-01
3.8683699999999999e-01
3.8317800000000002e-01
3.7879000000000002e-01
3.7368000000000001e-01
3.8730100000000001e-01
3.8659700000000002e-01
3.8515700000000003e-01
3.8298300000000002e-01
3.8008100000000000e-01
3.7645499999999998e-01
3.7211300000000003e-01
3.6706200000000000e-01
3.8054399999999999e-01
3.7982100000000002e-01
3.7837599999999999e-01
3.7621100000000002e-01
3.7332900000000002e-01
3.6973699999999998e-01
3.6544100000000002e-01
3.6044900000000002e-01
3.7379099999999998e-01
3.7304999999999999e-01
3.7159999999999999e-01
3.6944199999999999e-01
3.6658099999999999e-01
3.6302200000000001e-01
3.5877199999999998e-01
3.5383900000000001e-01
3.6704100000000001e-01
3.6628300000000003e-01
3.6482700000000001e-01
3.6267700000000003e-01
3.5983700000000002e-01
3.5631099999999999e-01
3.5210700000000000e-01
3.4723300000000001e-01
8
5
-0.0000000000000000e+00
-0.0000000000000000e+00
-0.0000000000000000e+00
-0.0000000000000000e+00
-0.0000000000000000e+00
0.0000000000000000e+00
-0.0000000000000000e+00
-0.0000000000000000e+00
-0.0000000000000000e+00
0.0000000000000000e+00
-0.0000000000000000e+00
0.0000000000000000e+00
-0.0000000000000000e+00
-0.0000000000000000e+00
-0.0000000000000000e+00
-0.0000000000000000e+00
-0.0000000000000000e+00
-0.0000000000000000e+00
0.0000000000000000e+00
-0.0000000000000000e+00
-0.0000000000000000e+00
-0.0000000000000000e+00
-0.0000000000000000e+00
-0.0000000000000000e+00
0.0000000000000000e+00
0.0000000000000000e+00
0.0000000000000000e+00
0.0000000000000000e+00
-0.0000000000000000e+00
0.0000000000000000e+00
0.0000000000000000e+00
0.0000000000000000e+00
0.0000000000000000e+00
0.0000000000000000e+00
-0.0000000000000000e+00
-0.0000000000000000e+00
0.0000000000000000e+00
-0.0000000000000000e+00
0.0000000000000000e+00
-0.0000000000000000e+00
8
5
0.0000000000000000e+00
0.0000000000000000e+00
-0.0000000000000000e+00
-0.0000000000000000e+00
-0.0000000000000000e+00
-0.0000000000000000e+00
-0.0000000000000000e+00
-0.0000000000000000e+00
0.0000000000000000e+00
0.0000000000000000e+00
-0.0000000000000000e+00
-0.0000000000000000e+00
-0.0000000000000000e+00
-0.0000000000000000e+00
-0.0000000000000000e+00
-0.0000000000000000e+00
0.0000000000000000e+00
0.0000000000000000e+00
-0.0000000000000000e+00
-0.0000000000000000e+00
-0.0000000000000000e+00
-0.0000000000000000e+00
-0.0000000000000000e+00
-0.0000000000000000e+00
0.0000000000000000e+00
0.0000000000000000e+00
-0.0000000000000000e+00
-0.0000000000000000e+00
-0.0000000000000000e+00
-0.0000000000000000e+00
-0.0000000000000000e+00
-0.0000000000000000e+00
0.0000000000000000e+00
0.0000000000000000e+00
-0.0000000000000000e+00
-0.0000000000000000e+00
-0.0000000000000000e+00
-0.0000000000000000e+00
-0.0000000000000000e+00
-0.0000000000000000e+00
8
5
4.0000000000000003e-05
2.6999999999999999e-05
1.2999999999999999e-05
0.0000000000000000e+00
-1.2999999999999999e-05
-2.5000000000000001e-05
-3.6999999999999998e-05
-4.8999999999999998e-05
3.8999999999999999e-05
2.5999999999999998e-05
1.2999999999999999e-05
-0.0000000000000000e+00
-1.2999999999999999e-05
-2.5999999999999998e-05
-3.8000000000000002e-05
-4.8999999999999998e-05
3.8999999999999999e-05
2.5000000000000001e-05
1.2000000000000000e-05
-9.9999999999999995e-07
-1.4000000000000000e-05
-2.5999999999999998e-05
-3.8000000000000002e-05
-5.0000000000000002e-05
3.8000000000000002e-05
2.5000000000000001e-05
1.2000000000000000e-05
-1.9999999999999999e-06
-1.4000000000000000e-05
-2.6999999999999999e-05
-3.8999999999999999e-05
-5.0000000000000002e-05
3.8000000000000002e-05
2.4000000000000001e-05
1.1000000000000000e-05
-1.9999999999999999e-06
-1.5000000000000000e-05
-2.6999999999999999e-05
-3.8999999999999999e-05
-5.1000000000000000e-05
8
5
-0.0000000000000000e+00
-0.0000000000000000e+00
-0.0000000000000000e+00
-0.0000000000000000e+00
-0.0000000000000000e+00
-0.0000000000000000e+00
-0.0000000000000000e+00
-0.0000000000000000e+00
-0.0000000000000000e+00
-0.0000000000000000e+00
-0.0000000000000000e+00
-0.0000000000000000e+00
-0.0000000000000000e+00
-0.0000000000000000e+00
-0.0000000000000000e+00
-0.0000000000000000e+00
-0.0000000000000000e+00
0.0000000000000000e+00
-0.0000000000000000e+00
0.0000000000000000e+00
-0.0000000000000000e+00
-0.0000000000000000e+00
-0.0000000000000000e+00
-0.0000000000000000e+00
-0.0000000000000000e+00
-0.0000000000000000e+00
-0.0000000000000000e+00
-0.0000000000000000e+00
-0.0000000000000000e+00
-0.0000000000000000e+00
-0.0000000000000000e+00
-0.0000000000000000e+00
-0.0000000000000000e+00
0.0000000000000000e+00
-0.0000000000000000e+00
-0.0000000000000000e+00
0.0000000000000000e+00
-0.0000000000000000e+00
-0.0000000000000000e+00
-0.0000000000000000e+00
8
5
-8.2000000000000001e-05
-1.2700000000000000e-04
-1.7300000000000000e-04
-2.1699999999999999e-04
-2.6100000000000000e-04
-3.0299999999999999e-04
-3.4400000000000001e-04
-3.8299999999999999e-04
-5.0000000000000004e-06
-5.0000000000000002e-05
-9.5000000000000005e-05
-1.3999999999999999e-04
-1.8400000000000000e-04
-2.2699999999999999e-04
-2.6899999999999998e-04
-3.0899999999999998e-04
7.2000000000000002e-05
2.8000000000000000e-05
-1.7000000000000000e-05
-6.2000000000000003e-05
-1.0700000000000000e-04
-1.5100000000000001e-04
-1.9300000000000000e-04
-2.3499999999999999e-04
1.4899999999999999e-04
1.0500000000000000e-04
6.0000000000000002e-05
1.5000000000000000e-05
-3.0000000000000001e-05
-7.3999999999999996e-05
-1.1800000000000000e-04
-1.6000000000000001e-04
2.2699999999999999e-04
1.8300000000000000e-04
1.3799999999999999e-04
9.2999999999999997e-05
4.6999999999999997e-05
1.9999999999999999e-06
-4.3000000000000002e-05
-8.6000000000000003e-05
8
5
2.6110000000000000e-03
2.6199999999999999e-03
2.6189999999999998e-03
2.6080000000000001e-03
2.5869999999999999e-03
2.5560000000000001e-03
2.5160000000000000e-03
2.4670000000000000e-03
2.6020000000000001e-03
2.6110000000000000e-03
2.6099999999999999e-03
2.5990000000000002e-03
2.5780000000000000e-03
2.5479999999999999e-03
2.5079999999999998e-03
2.4589999999999998e-03
2.5940000000000000e-03
2.6029999999999998e-03
2.6020000000000001e-03
2.5910000000000000e-03
2.5699999999999998e-03
2.5390000000000000e-03
2.5000000000000001e-03
2.4510000000000001e-03
2.5860000000000002e-03
2.5940000000000000e-03
2.5929999999999998e-03
2.5820000000000001e-03
2.5620000000000000e-03
2.5309999999999998e-03
2.4910000000000002e-03
2.4420000000000002e-03
2.5769999999999999e-03
2.5860000000000002e-03
2.5850000000000001e-03
2.5739999999999999e-03
2.5530000000000001e-03
2.5230000000000001e-03
2.4830000000000000e-03
2.4340000000000000e-03
8
5
4.0309999999999999e-03
4.0439999999999999e-03
4.0419999999999996e-03
4.0249999999999999e-03
3.9919999999999999e-03
3.9449999999999997e-03
3.8830000000000002e-03
3.8059999999999999e-03
4.0179999999999999e-03
4.0309999999999999e-03
4.0289999999999996e-03
4.0119999999999999e-03
3.9800000000000000e-03
3.9319999999999997e-03
3.8700000000000002e-03
3.7940000000000001e-03
4.0049999999999999e-03
4.0190000000000000e-03
4.0169999999999997e-03
3.9990000000000000e-03
3.9670000000000000e-03
3.9199999999999999e-03
3.8579999999999999e-03
3.7820000000000002e-03
3.9919999999999999e-03
4.0060000000000000e-03
4.0039999999999997e-03
3.9870000000000001e-03
3.9540000000000000e-03
3.9069999999999999e-03
3.8449999999999999e-03
3.7699999999999999e-03
3.9800000000000000e-03
3.9930000000000000e-03
3.9909999999999998e-03
3.9740000000000001e-03
3.9410000000000001e-03
3.8939999999999999e-03
3.8330000000000000e-03
3.7569999999999999e-03
8
5
8.2000000000000001e-05
1.2700000000000000e-04
1.7300000000000000e-04
2.1699999999999999e-04
2.6100000000000000e-04
3.0299999999999999e-04
3.4400000000000001e-04
3.8299999999999999e-04
5.0000000000000004e-06
5.0000000000000002e-05
9.5000000000000005e-05
1.3999999999999999e-04
1.8400000000000000e-04
2.2699999999999999e-04
2.6899999999999998e-04
3.0899999999999998e-04
-7.2000000000000002e-05
-2.8000000000000000e-05
1.7000000000000000e-05
6.2000000000000003e-05
1.0700000000000000e-04
1.5100000000000001e-04
1.9300000000000000e-04
2.3499999999999999e-04
-1.4899999999999999e-04
-1.0500000000000000e-04
-6.0000000000000002e-05
-1.5000000000000000e-05
3.0000000000000001e-05
7.3999999999999996e-05
1.1800000000000000e-04
1.6000000000000001e-04
-2.2699999999999999e-04
-1.8300000000000000e-04
-1.3799999999999999e-04
-9.2999999999999997e-05
-4.6999999999999997e-05
-1.9999999999999999e-06
4.3000000000000002e-05
8.6000000000000003e-05
8
5
2.6110000000000000e-03
2.6199999999999999e-03
2.6189999999999998e-03
2.6080000000000001e-03
2.5869999999999999e-03
2.5560000000000001e-03
2.5160000000000000e-03
2.4670000000000000e-03
2.6020000000000001e-03
2.6110000000000000e-03
2.6099999999999999e-03
2.5990000000000002e-03
2.5780000000000000e-03
2.5479999999999999e-03
2.5079999999999998e-03
2.4589999999999998e-03
2.5940000000000000e-03
2.6029999999999998e-03
2.6020000000000001e-03
2.5910000000000000e-03
2.5699999999999998e-03
2.5390000000000000e-03
2.5000000000000001e-03
2.4510000000000001e-03
2.5860000000000002e-03
2.5940000000000000e-03
2.5929999999999998e-03
2.5820000000000001e-03
2.5620000000000000e-03
2.5309999999999998e-03
2.4910000000000002e-03
2.4420000000000002e-03
2.5769999999999999e-03
2.5860000000000002e-03
2.5850000000000001e-03
2.5739999999999999e-03
2.5530000000000001e-03
2.5230000000000001e-03
2.4830000000000000e-03
2.4340000000000000e-03
8
5
-4.0309999999999999e-03
-4.0439999999999999e-03
-4.0419999999999996e-03
-4.0249999999999999e-03
-3.9919999999999999e-03
-3.9449999999999997e-03
-3.8830000000000002e-03
-3.8059999999999999e-03
-4.0179999999999999e-03
-4.0309999999999999e-03
-4.0289999999999996e-03
-4.0119999999999999e-03
-3.9800000000000000e-03
-3.9319999999999997e-03
-3.8700000000000002e-03
-3.7940000000000001e-03
-4.0049999999999999e-03
-4.0190000000000000e-03
-4.0169999999999997e-03
-3.9990000000000000e-03
-3.9670000000000000e-03
-3.9199999999999999e-03
-3.8579999999999999e-03
-3.7820000000000002e-03
-3.9919999999999999e-03
-4.0060000000000000e-03
-4.0039999999999997e-03
-3.9870000000000001e-03
-3.9540000000000000e-03
-3.9069999999999999e-03
-3.8449999999999999e-03
-3.7699999999999999e-03
-3.9800000000000000e-03
-3.9930000000000000e-03
-3.9909999999999998e-03
-3.9740000000000001e-03
-3.9410000000000001e-03
-3.8939999999999999e-03
-3.8330000000000000e-03
-3.7569999999999999e-03
8
5
0.0000000000000000e+00
0.0000000000000000e+00
-0.0000000000000000e+00
0.0000000000000000e+00
-0.0000000000000000e+00
-0.0000000000000000e+00
-0.0000000000000000e+00
-0.0000000000000000e+00
0.0000000000000000e+00
0.0000000000000000e+00
-0.0000000000000000e+00
0.0000000000000000e+00
0.0000000000000000e+00
-0.0000000000000000e+00
-0.0000000000000000e+00
-0.0000000000000000e+00
0.0000000000000000e+00
-0.0000000000000000e+00
-0.0000000000000000e+00
-0.0000000000000000e+00
-0.0000000000000000e+00
0.0000000000000000e+00
0.0000000000000000e+00
-0.0000000000000000e+00
-0.0000000000000000e+00
0.0000000000000000e+00
0.0000000000000000e+00
0.0000000000000000e+00
-0.0000000000000000e+00
0.0000000000000000e+00
-0.0000000000000000e+00
-0.0000000000000000e+00
0.0000000000000000e+00
0.0000000000000000e+00
0.0000000000000000e+00
-0.0000000000000000e+00
-0.0000000000000000e+00
-0.0000000000000000e+00
-0.0000000000000000e+00
-0.0000000000000000e+00
8
5
3.6957000000000001e-01
3.0803999999999998e-01
2.4457999999999999e-01
1.7965000000000000e-01
1.1377000000000000e-01
4.7430000000000000e-02
-1.8870000000000001e-02
-8.4620000000000001e-02
2.3946999999999999e-01
1.7762000000000000e-01
1.1433000000000000e-01
5.0080000000000000e-02
-1.4640000000000000e-02
-7.9339999999999994e-02
-1.4352000000000001e-01
-2.0671000000000000e-01
1.1080000000000000e-01
4.8640000000000003e-02
-1.4470000000000000e-02
-7.8049999999999994e-02
-1.4162000000000000e-01
-2.0469000000000001e-01
-2.6678000000000002e-01
-3.2741999999999999e-01
-1.6430000000000000e-02
-7.8890000000000002e-02
-1.4182000000000000e-01
-2.0474000000000001e-01
-2.6716000000000001e-01
-3.2861000000000001e-01
-3.8862999999999998e-01
-4.4674999999999998e-01
-1.4222000000000001e-01
-2.0499000000000001e-01
-2.6773000000000002e-01
-3.2998000000000000e-01
-3.9127000000000001e-01
-4.5112000000000002e-01
-5.0907000000000002e-01
-5.6469999999999998e-01
8
5
-0.0000000000000000e+00
0.0000000000000000e+00
0.0000000000000000e+00
0.0000000000000000e+00
0.0000000000000000e+00
0.0000000000000000e+00
0.0000000000000000e+00
0.0000000000000000e+00
-0.0000000000000000e+00
0.0000000000000000e+00
0.0000000000000000e+00
0.0000000000000000e+00
0.0000000000000000e+00
0.0000000000000000e+00
0.0000000000000000e+00
0.0000000000000000e+00
-0.0000000000000000e+00
0.0000000000000000e+00
0.0000000000000000e+00
0.0000000000000000e+00
0.0000000000000000e+00
0.0000000000000000e+00
0.0000000000000000e+00
0.0000000000000000e+00
-0.0000000000000000e+00
0.0000000000000000e+00
0.0000000000000000e+00
0.0000000000000000e+00
0.0000000000000000e+00
0.0000000000000000e+00
0.0000000000000000e+00
0.0000000000000000e+00
-0.0000000000000000e+00
0.0000000000000000e+00
0.0000000000000000e+00
0.0000000000000000e+00
0.0000000000000000e+00
0.0000000000000000e+00
0.0000000000000000e+00
0.0000000000000000e+00
8
5
-1.2146705256773452e-02
-2.7960340402384171e-02
-4.3544792429942566e-02
-5.8900061339448626e-02
-7.4484513367007024e-02
-8.9610599158460758e-02
-1.0473668494991449e-01
-1.1963358762331588e-01
-1.3980170201192086e-02
-2.9564622228750476e-02
-4.5149074256308867e-02
-6.0733526283867266e-02
-7.6088795193373332e-02
-9.1214880984827065e-02
-1.0634096677628080e-01
-1.2123786944968221e-01
-1.5584452027558393e-02
-3.1168904055116787e-02
-4.6753356082675182e-02
-6.2337808110233574e-02
-7.7693077019739626e-02
-9.2819162811193359e-02
-1.0794524860264709e-01
-1.2284215127604850e-01
-1.7188733853924696e-02
-3.2773185881483091e-02
-4.8357637909041476e-02
-6.3942089936599875e-02
-7.9297358846105934e-02
-9.4652627755611993e-02
-1.0954953042901341e-01
-1.2444643310241481e-01
-1.8793015680291000e-02
-3.4606650825901725e-02
-5.0191102853460116e-02
-6.5546371762966182e-02
-8.0901640672472241e-02
-9.6256909581978300e-02
-1.1115381225537971e-01
-1.2605071492878112e-01
8
5
-2.0626480624709908e-02
-1.7876283208081753e-02
-1.5355268909506153e-02
-1.2375888374826073e-02
-9.3965078401453562e-03
-6.6463104235175170e-03
-3.6669298888371989e-03
-6.8754935415703939e-04
-1.4896902673401036e-02
-1.2146705256773515e-02
-9.3965078401456754e-03
-6.6463104235175170e-03
-3.8961130068895984e-03
-1.1459155902618383e-03
1.6042818263666374e-03
4.5836623610467173e-03
-9.1673247220931172e-03
-6.6463104235176765e-03
-3.8961130068895984e-03
-1.1459155902618383e-03
1.6042818263660012e-03
4.5836623610467173e-03
7.1046766596229525e-03
9.8548740762498376e-03
-3.6669298888372783e-03
-1.1459155902615202e-03
1.6042818263666374e-03
4.3544792429941583e-03
7.1046766596229525e-03
9.8548740762498376e-03
1.2605071492877996e-02
1.5126085791453595e-02
1.6042818263666374e-03
4.5836623610467173e-03
7.1046766596229525e-03
9.8548740762498376e-03
1.2605071492877996e-02
1.5355268909506153e-02
1.7647100090030465e-02
1.9938931270550960e-02
8
5
9.7402825172239957e-02
9.8090374526396934e-02
9.8777923880553911e-02
9.9007106998606251e-02
9.9236290116658576e-02
9.9236290116658576e-02
9.9236290116658576e-02
9.8777923880553911e-02
9.7861191408344622e-02
9.8548740762501599e-02
9.9007106998606251e-02
9.9465473234710916e-02
9.9694656352763242e-02
9.9694656352763242e-02
9.9465473234710916e-02
9.9236290116658576e-02
9.8090374526396934e-02
9.9007106998606251e-02
9.9465473234710916e-02
9.9923839470815581e-02
1.0015302258886789e-01
1.0015302258886789e-01
9.9923839470815581e-02
9.9465473234710916e-02
9.8548740762501599e-02
9.9236290116658576e-02
9.9923839470815581e-02
1.0038220570692023e-01
1.0038220570692023e-01
1.0038220570692023e-01
1.0038220570692023e-01
9.9923839470815581e-02
9.9007106998606251e-02
9.9694656352763242e-02
1.0038220570692023e-01
1.0061138882497256e-01
1.0084057194302490e-01
1.0084057194302490e-01
1.0061138882497256e-01
1.0038220570692023e-01
8
5
-5.3092799999999996e-01
-5.3251400000000004e-01
-5.3308599999999995e-01
-5.3264299999999998e-01
-5.3118600000000005e-01
-5.2871800000000002e-01
-5.2524400000000004e-01
-5.2076999999999996e-01
-5.3090300000000001e-01
-5.3248899999999999e-01
-5.3306100000000001e-01
-5.3261800000000004e-01
-5.3116099999999999e-01
-5.2869400000000000e-01
-5.2522000000000002e-01
-5.2074600000000004e-01
-5.3087899999999999e-01
-5.3246400000000005e-01
-5.3303599999999995e-01
-5.3259299999999998e-01
-5.3113699999999997e-01
-5.2866899999999994e-01
-5.2519499999999997e-01
-5.2072200000000002e-01
-5.3085499999999997e-01
-5.3244000000000002e-01
-5.3301200000000004e-01
-5.3256899999999996e-01
-5.3111200000000003e-01
-5.2864500000000003e-01
-5.2517100000000005e-01
-5.2069799999999999e-01
-5.3083000000000002e-01
-5.3241499999999997e-01
-5.3298699999999999e-01
-5.3254400000000002e-01
-5.3108800000000000e-01
-5.2861999999999998e-01
-5.2514700000000003e-01
-5.2067399999999997e-01
8
5
0.0000000000000000e+00
0.0000000000000000e+00
0.0000000000000000e+00
0.0000000000000000e+00
0.0000000000000000e+00
0.0000000000000000e+00
0.0000000000000000e+00
0.0000000000000000e+00
0.0000000000000000e+00
0.0000000000000000e+00
0.0000000000000000e+00
0.0000000000000000e+00
0.0000000000000000e+00
0.0000000000000000e+00
0.0000000000000000e+00
0.0000000000000000e+00
0.0000000000000000e+00
0.0000000000000000e+00
0.0000000000000000e+00
0.0000000000000000e+00
0.0000000000000000e+00
0.0000000000000000e+00
0.0000000000000000e+00
0.0000000000000000e+00
0.0000000000000000e+00
0.0000000000000000e+00
0.0000000000000000e+00
0.0000000000000000e+00
0.0000000000000000e+00
0.0000000000000000e+00
0.0000000000000000e+00
0.0000000000000000e+00
0.0000000000000000e+00
0.0000000000000000e+00
0.0000000000000000e+00
0.0000000000000000e+00
0.0000000000000000e+00
0.0000000000000000e+00
0.0000000000000000e+00
0.0000000000000000e+00
8
5
1.6358000000000001e-02
-2.1278999999999999e-02
-5.8875999999999998e-02
-9.6360000000000001e-02
-1.3366100000000000e-01
-1.7070800000000000e-01
-2.0743000000000000e-01
-2.4375700000000000e-01
1.4371000000000000e-02
-2.3271000000000000e-02
-6.0870000000000000e-02
-9.8352999999999996e-02
-1.3564799999999999e-01
-1.7268500000000001e-01
-2.0939400000000000e-01
-2.4570400000000001e-01
1.2385000000000000e-02
-2.5264000000000002e-02
-6.2864000000000003e-02
-1.0034500000000000e-01
-1.3763500000000001e-01
-1.7466300000000001e-01
-2.1135799999999999e-01
-2.4765100000000001e-01
1.0397999999999999e-02
-2.7255999999999999e-02
-6.4859000000000000e-02
-1.0233700000000000e-01
-1.3962200000000000e-01
-1.7663999999999999e-01
-2.1332200000000001e-01
-2.4959799999999999e-01
8.4110000000000001e-03
-2.9249000000000001e-02
-6.6852999999999996e-02
-1.0433000000000001e-01
-1.4160800000000001e-01
-1.7861700000000000e-01
-2.1528600000000001e-01
-2.5154500000000002e-01
8
5
-0.0000000000000000e+00
-0.0000000000000000e+00
-0.0000000000000000e+00
-0.0000000000000000e+00
-0.0000000000000000e+00
0.0000000000000000e+00
-0.0000000000000000e+00
0.0000000000000000e+00
0.0000000000000000e+00
0.0000000000000000e+00
-0.0000000000000000e+00
0.0000000000000000e+00
-0.0000000000000000e+00
-0.0000000000000000e+00
-0.0000000000000000e+00
-0.0000000000000000e+00
-0.0000000000000000e+00
-0.0000000000000000e+00
-0.0000000000000000e+00
-0.0000000000000000e+00
-0.0000000000000000e+00
-0.0000000000000000e+00
0.0000000000000000e+00
0.0000000000000000e+00
-0.0000000000000000e+00
0.0000000000000000e+00
-0.0000000000000000e+00
0.0000000000000000e+00
-0.0000000000000000e+00
-0.0000000000000000e+00
0.0000000000000000e+00
-0.0000000000000000e+00
0.0000000000000000e+00
0.0000000000000000e+00
-0.0000000000000000e+00
-0.0000000000000000e+00
-0.0000000000000000e+00
-0.0000000000000000e+00
0.0000000000000000e+00
-0.0000000000000000e+00
8
5
-2.0610067000000001e+01
-2.0585182000000000e+01
-2.0521111000000001e+01
-2.0417980000000000e+01
-2.0275981999999999e+01
-2.0095385000000000e+01
-1.9876539000000001e+01
-1.9619852000000002e+01
-2.0265680000000000e+01
-2.0240295000000000e+01
-2.0176378000000000e+01
-2.0074059999999999e+01
-1.9933529000000000e+01
-1.9755053000000000e+01
-1.9538969000000002e+01
-1.9285692000000001e+01
-1.9924671000000000e+01
-1.9898793999999999e+01
-1.9835037000000000e+01
-1.9733526000000001e+01
-1.9594452000000000e+01
-1.9418075999999999e+01
-1.9204737000000002e+01
-1.8954841999999999e+01
-1.9587036000000001e+01
-1.9560677999999999e+01
-1.9497084000000001e+01
-1.9396377999999999e+01
-1.9258749000000002e+01
-1.9084461000000001e+01
-1.8873843999999998e+01
-1.8627298000000000e+01
-1.9252776999999998e+01
-1.9225947999999999e+01
-1.9162519000000000e+01
-1.9062614000000000e+01
-1.8926425999999999e+01
-1.8754207999999998e+01
-1.8546288000000001e+01
-1.8303062000000001e+01
8
5
0.0000000000000000e+00
0.0000000000000000e+00
0.0000000000000000e+00
0.0000000000000000e+00
9.9999999999999995e-07
9.9999999999999995e-07
9.9999999999999995e-07
9.9999999999999995e-07
0.0000000000000000e+00
0.0000000000000000e+00
0.0000000000000000e+00
0.0000000000000000e+00
9.9999999999999995e-07
9.9999999999999995e-07
9.9999999999999995e-07
9.9999999999999995e-07
-0.0000000000000000e+00
0.0000000000000000e+00
0.0000000000000000e+00
0.0000000000000000e+00
9.9999999999999995e-07
9.9999999999999995e-07
9.9999999999999995e-07
9.9999999999999995e-07
0.0000000000000000e+00
0.0000000000000000e+00
0.0000000000000000e+00
0.0000000000000000e+00
9.9999999999999995e-07
9.9999999999999995e-07
9.9999999999999995e-07
9.9999999999999995e-07
0.0000000000000000e+00
0.0000000000000000e+00
0.0000000000000000e+00
0.0000000000000000e+00
9.9999999999999995e-07
9.9999999999999995e-07
9.9999999999999995e-07
9.9999999999999995e-07
8
5
1.0137699999999999e-01
1.3019800000000001e-01
1.5877100000000000e-01
1.8704200000000001e-01
2.1495700000000001e-01
2.4246300000000001e-01
2.6950700000000000e-01
2.9603800000000002e-01
1.0365600000000000e-01
1.3249000000000000e-01
1.6107199999999999e-01
1.8934699999999999e-01
2.1726100000000001e-01
2.4476200000000001e-01
2.7179799999999998e-01
2.9831500000000000e-01
1.0593500000000000e-01
1.3478100000000001e-01
1.6337199999999999e-01
1.9165099999999999e-01
2.1956500000000001e-01
2.4706200000000000e-01
2.7408800000000000e-01
3.0059200000000003e-01
1.0821300000000000e-01
1.3707200000000000e-01
1.6567100000000001e-01
1.9395399999999999e-01
2.2186900000000001e-01
2.4936000000000000e-01
2.7637800000000001e-01
3.0286900000000000e-01
1.1049000000000000e-01
1.3936299999999999e-01
1.6797000000000001e-01
1.9625799999999999e-01
2.2417200000000001e-01
2.5165900000000002e-01
2.7866700000000000e-01
3.0514500000000000e-01
8
5
-0.0000000000000000e+00
0.0000000000000000e+00
-0.0000000000000000e+00
-0.0000000000000000e+00
-0.0000000000000000e+00
0.0000000000000000e+00
-0.0000000000000000e+00
0.0000000000000000e+00
0.0000000000000000e+00
-0.0000000000000000e+00
0.0000000000000000e+00
0.0000000000000000e+00
0.0000000000000000e+00
0.0000000000000000e+00
-0.0000000000000000e+00
-0.0000000000000000e+00
-0.0000000000000000e+00
-0.0000000000000000e+00
-0.0000000000000000e+00
-0.0000000000000000e+00
0.0000000000000000e+00
-0.0000000000000000e+00
-0.0000000000000000e+00
-0.0000000000000000e+00
-0.0000000000000000e+00
-0.0000000000000000e+00
0.0000000000000000e+00
0.0000000000000000e+00
-0.0000000000000000e+00
-0.0000000000000000e+00
-0.0000000000000000e+00
-0.0000000000000000e+00
0.0000000000000000e+00
-0.0000000000000000e+00
0.0000000000000000e+00
0.0000000000000000e+00
-0.0000000000000000e+00
-0.0000000000000000e+00
0.0000000000000000e+00
-0.0000000000000000e+00
8
5
-2.0477799999999999e-01
-2.0422699999999999e-01
-2.0328700000000000e-01
-2.0196000000000000e-01
-2.0024800000000001e-01
-1.9815600000000000e-01
-1.9568600000000000e-01
-1.9284299999999999e-01
-2.0140500000000000e-01
-2.0084299999999999e-01
-1.9989899999999999e-01
-1.9857400000000000e-01
-1.9687099999999999e-01
-1.9479399999999999e-01
-1.9234499999999999e-01
-1.8953100000000001e-01
-1.9806799999999999e-01
-1.9749500000000000e-01
-1.9654700000000000e-01
-1.9522400000000001e-01
-1.9353000000000001e-01
-1.9146700000000000e-01
-1.8904000000000001e-01
-1.8625300000000000e-01
-1.9476599999999999e-01
-1.9418299999999999e-01
-1.9323000000000001e-01
-1.9190900000000000e-01
-1.9022300000000000e-01
-1.8817600000000001e-01
-1.8576899999999999e-01
-1.8301000000000001e-01
-1.9149900000000000e-01
-1.9090499999999999e-01
-1.8994900000000001e-01
-1.8862999999999999e-01
-1.8695300000000001e-01
-1.8491900000000000e-01
-1.8253400000000000e-01
-1.7980099999999999e-01
8
5
-4.3559999999999996e-03
-4.3439999999999998e-03
-4.3160000000000004e-03
-4.2719999999999998e-03
-4.2110000000000003e-03
-4.1349999999999998e-03
-4.0439999999999999e-03
-3.9379999999999997e-03
-4.3550000000000004e-03
-4.3439999999999998e-03
-4.3160000000000004e-03
-4.2719999999999998e-03
-4.2110000000000003e-03
-4.1349999999999998e-03
-4.0439999999999999e-03
-3.9379999999999997e-03
-4.3550000000000004e-03
-4.3439999999999998e-03
-4.3160000000000004e-03
-4.2709999999999996e-03
-4.2110000000000003e-03
-4.1349999999999998e-03
-4.0429999999999997e-03
-3.9379999999999997e-03
-4.3550000000000004e-03
-4.3439999999999998e-03
-4.3160000000000004e-03
-4.2709999999999996e-03
-4.2110000000000003e-03
-4.1339999999999997e-03
-4.0429999999999997e-03
-3.9379999999999997e-03
-4.3550000000000004e-03
-4.3439999999999998e-03
-4.3160000000000004e-03
-4.2709999999999996e-03
-4.2110000000000003e-03
-4.1339999999999997e-03
-4.0429999999999997e-03
-3.9379999999999997e-03
8
5
-0.0000000000000000e+00
0.0000000000000000e+00
-0.0000000000000000e+00
0.0000000000000000e+00
0.0000000000000000e+00
0.0000000000000000e+00
0.0000000000000000e+00
0.0000000000000000e+00
-0.0000000000000000e+00
0.0000000000000000e+00
-0.0000000000000000e+00
0.0000000000000000e+00
0.0000000000000000e+00
0.0000000000000000e+00
0.0000000000000000e+00
0.0000000000000000e+00
-0.0000000000000000e+00
-0.0000000000000000e+00
-0.0000000000000000e+00
0.0000000000000000e+00
0.0000000000000000e+00
0.0000000000000000e+00
0.0000000000000000e+00
0.0000000000000000e+00
-0.0000000000000000e+00
0.0000000000000000e+00
-0.0000000000000000e+00
0.0000000000000000e+00
0.0000000000000000e+00
0.0000000000000000e+00
0.0000000000000000e+00
0.0000000000000000e+00
-0.0000000000000000e+00
-0.0000000000000000e+00
-0.0000000000000000e+00
0.0000000000000000e+00
-0.0000000000000000e+00
0.0000000000000000e+00
0.0000000000000000e+00
0.0000000000000000e+00
8
5
3.2299999999999999e-04
2.7799999999999998e-04
2.3300000000000000e-04
1.8799999999999999e-04
1.4300000000000001e-04
9.8999999999999994e-05
5.5000000000000002e-05
1.2000000000000000e-05
3.2299999999999999e-04
2.7799999999999998e-04
2.3300000000000000e-04
1.8799999999999999e-04
1.4300000000000001e-04
9.8999999999999994e-05
5.5000000000000002e-05
1.2000000000000000e-05
3.2299999999999999e-04
2.7900000000000001e-04
2.3300000000000000e-04
1.8799999999999999e-04
1.4300000000000001e-04
9.8999999999999994e-05
5.5000000000000002e-05
1.2999999999999999e-05
3.2299999999999999e-04
2.7900000000000001e-04
2.3400000000000000e-04
1.8799999999999999e-04
1.4300000000000001e-04
9.8999999999999994e-05
5.5000000000000002e-05
1.2999999999999999e-05
3.2299999999999999e-04
2.7900000000000001e-04
2.3400000000000000e-04
1.8799999999999999e-04
1.4300000000000001e-04
9.8999999999999994e-05
5.5000000000000002e-05
1.2999999999999999e-05
8
5
-5.5999999999999999e-05
-6.0999999999999999e-05
-6.6000000000000005e-05
-7.1000000000000005e-05
-7.6000000000000004e-05
-8.0000000000000007e-05
-8.3999999999999995e-05
-8.7000000000000001e-05
-5.5999999999999999e-05
-6.0999999999999999e-05
-6.6000000000000005e-05
-7.1000000000000005e-05
-7.6000000000000004e-05
-8.0000000000000007e-05
-8.3999999999999995e-05
-8.7000000000000001e-05
-5.5999999999999999e-05
-6.0999999999999999e-05
-6.6000000000000005e-05
-7.1000000000000005e-05
-7.6000000000000004e-05
-8.0000000000000007e-05
-8.3999999999999995e-05
-8.7000000000000001e-05
-5.5999999999999999e-05
-6.0999999999999999e-05
-6.6000000000000005e-05
-7.1000000000000005e-05
-7.6000000000000004e-05
-8.0000000000000007e-05
-8.3999999999999995e-05
-8.7000000000000001e-05
-5.5999999999999999e-05
-6.0999999999999999e-05
-6.6000000000000005e-05
-7.1000000000000005e-05
-7.6000000000000004e-05
-8.0000000000000007e-05
-8.3999999999999995e-05
-8.7000000000000001e-05
8
5
1.6115000000000001e-02
1.6191000000000001e-02
1.6204000000000000e-02
1.6156000000000000e-02
1.6046999999999999e-02
1.5876999999999999e-02
1.5647999999999999e-02
1.5362000000000001e-02
1.6025999999999999e-02
1.6100000000000000e-02
1.6114000000000000e-02
1.6066000000000000e-02
1.5956999999999999e-02
1.5788000000000000e-02
1.5559999999999999e-02
1.5276000000000000e-02
1.5935999999999999e-02
1.6010000000000000e-02
1.6022999999999999e-02
1.5976000000000001e-02
1.5866999999999999e-02
1.5699000000000001e-02
1.5473000000000001e-02
1.5188999999999999e-02
1.5845999999999999e-02
1.5920000000000000e-02
1.5932999999999999e-02
1.5886000000000001e-02
1.5778000000000000e-02
1.5611000000000000e-02
1.5384999999999999e-02
1.5103000000000000e-02
1.5757000000000000e-02
1.5830000000000000e-02
1.5842999999999999e-02
1.5795000000000000e-02
1.5688000000000001e-02
1.5521999999999999e-02
1.5298000000000001e-02
1.5017000000000001e-02
8
5
-1.4530000000000001e-03
-1.4599999999999999e-03
-1.4610000000000001e-03
-1.4570000000000000e-03
-1.4469999999999999e-03
-1.4319999999999999e-03
-1.4120000000000001e-03
-1.3860000000000001e-03
-1.4430000000000001e-03
-1.4499999999999999e-03
-1.4510000000000000e-03
-1.4469999999999999e-03
-1.4369999999999999e-03
-1.4220000000000001e-03
-1.4020000000000000e-03
-1.3760000000000001e-03
-1.4330000000000000e-03
-1.4400000000000001e-03
-1.4410000000000000e-03
-1.4369999999999999e-03
-1.4280000000000000e-03
-1.4130000000000000e-03
-1.3920000000000000e-03
-1.3669999999999999e-03
-1.4230000000000000e-03
-1.4300000000000001e-03
-1.4310000000000000e-03
-1.4270000000000001e-03
-1.4180000000000000e-03
-1.4030000000000000e-03
-1.3829999999999999e-03
-1.3569999999999999e-03
-1.4130000000000000e-03
-1.4200000000000000e-03
-1.4210000000000000e-03
-1.4170000000000001e-03
-1.4080000000000000e-03
-1.3929999999999999e-03
-1.3730000000000001e-03
-1.3480000000000000e-03
8
5
-5.5999999999999999e-05
-6.0999999999999999e-05
-6.6000000000000005e-05
-7.1000000000000005e-05
-7.6000000000000004e-05
-8.0000000000000007e-05
-8.3999999999999995e-05
-8.7000000000000001e-05
-5.5999999999999999e-05
-6.0999999999999999e-05
-6.6000000000000005e-05
-7.1000000000000005e-05
-7.6000000000000004e-05
-8.0000000000000007e-05
-8.3999999999999995e-05
-8.7000000000000001e-05
-5.5999999999999999e-05
-6.0999999999999999e-05
-6.6000000000000005e-05
-7.1000000000000005e-05
-7.6000000000000004e-05
-8.0000000000000007e-05
-8.3999999999999995e-05
-8.7000000000000001e-05
-5.5999999999999999e-05
-6.0999999999999999e-05
-6.6000000000000005e-05
-7.1000000000000005e-05
-7.6000000000000004e-05
-8.0000000000000007e-05
-8.3999999999999995e-05
-8.7000000000000001e-05
-5.5999999999999999e-05
-6.0999999999999999e-05
-6.6000000000000005e-05
-7.1000000000000005e-05
-7.6000000000000004e-05
-8.0000000000000007e-05
-8.3999999999999995e-05
-8.7000000000000001e-05
8
5
-1.6115000000000001e-02
-1.6191000000000001e-02
-1.6204000000000000e-02
-1.6156000000000000e-02
-1.6046999999999999e-02
-1.5876999999999999e-02
-1.5647999999999999e-02
-1.5362000000000001e-02
-1.6025999999999999e-02
-1.6100000000000000e-02
-1.6114000000000000e-02
-1.6066000000000000e-02
-1.5956999999999999e-02
-1.5788000000000000e-02
-1.5559999999999999e-02
-1.5276000000000000e-02
-1.5935999999999999e-02
-1.6010000000000000e-02
-1.6022999999999999e-02
-1.5976000000000001e-02
-1.5866999999999999e-02
-1.5699000000000001e-02
-1.5473000000000001e-02
-1.5188999999999999e-02
-1.5845999999999999e-02
-1.5920000000000000e-02
-1.5932999999999999e-02
-1.5886000000000001e-02
-1.5778000000000000e-02
-1.5611000000000000e-02
-1.5384999999999999e-02
-1.5103000000000000e-02
-1.5757000000000000e-02
-1.5830000000000000e-02
-1.5842999999999999e-02
-1.5795000000000000e-02
-1.5688000000000001e-02
-1.5521999999999999e-02
-1.5298000000000001e-02
-1.5017000000000001e-02
8
5
-1.4530000000000001e-03
-1.4599999999999999e-03
-1.4610000000000001e-03
-1.4570000000000000e-03
-1.4469999999999999e-03
-1.4319999999999999e-03
-1.4120000000000001e-03
-1.3860000000000001e-03
-1.4430000000000001e-03
-1.4499999999999999e-03
-1.4510000000000000e-03
-1.4469999999999999e-03
-1.4369999999999999e-03
-1.4220000000000001e-03
-1.4020000000000000e-03
-1.3760000000000001e-03
-1.4330000000000000e-03
-1.4400000000000001e-03
-1.4410000000000000e-03
-1.4369999999999999e-03
-1.4280000000000000e-03
-1.4130000000000000e-03
-1.3920000000000000e-03
-1.3669999999999999e-03
-1.4230000000000000e-03
-1.4300000000000001e-03
-1.4310000000000000e-03
-1.4270000000000001e-03
-1.4180000000000000e-03
-1.4030000000000000e-03
-1.3829999999999999e-03
-1.3569999999999999e-03
-1.4130000000000000e-03
-1.4200000000000000e-03
-1.4210000000000000e-03
-1.4170000000000001e-03
-1.4080000000000000e-03
-1.3929999999999999e-03
-1.3730000000000001e-03
-1.3480000000000000e-03
