8.7753999999999999e-01
3.5893999999999998e-01
2.6800000000000002e+00
-2.0669999999999999e-01 0.0000000000000000e+00 4.9349999999999993e-03
-1.1500000000000000e-01
-1.9999999999999999e-06 9.6534999999999996e-02 -0.0000000000000000e+00
-1.3104299999999999e-01 0.0000000000000000e+00 -7.5049510000000001e+00
0.0000000000000000e+00 3.7837599999999999e-01 0.0000000000000000e+00
-5.3303599999999995e-01 0.0000000000000000e+00 -6.2864000000000003e-02
-0.0000000000000000e+00 -1.9835037000000000e+01 0.0000000000000000e+00
1.6337199999999999e-01 -0.0000000000000000e+00 -1.9654700000000000e-01
-0.0000000000000000e+00 1.2000000000000000e-05 -0.0000000000000000e+00
-1.7000000000000000e-05 2.6020000000000001e-03 4.0169999999999997e-03
1.7000000000000000e-05 2.6020000000000001e-03 -4.0169999999999997e-03
-4.3160000000000004e-03 -0.0000000000000000e+00 2.3300000000000000e-04
-6.6000000000000005e-05 1.6022999999999999e-02 -1.4410000000000000e-03
-6.6000000000000005e-05 -1.6022999999999999e-02 -1.4410000000000000e-03
-2.2610000000000002e-02 0.0000000000000000e+00 -5.5115999999999998e-01
-0.0000000000000000e+00 -1.4470000000000000e-02 0.0000000000000000e+00
1.1917522138721194e-02 -4.8128454790989156e-01 2.3605861159389355e-02
-4.6753356082675182e-02 -3.8961130068895984e-03 9.9465473234710916e-02
4.3749999999999952e-05 0.0000000000000000e+00 -8.0162500000000025e-03
0.0000000000000000e+00 -3.2018749999999999e-02 0.0000000000000000e+00
2.4912204932288193e-01 0.0000000000000000e+00 -4.3854189639313210e+00
0.0000000000000000e+00 -1.4517604613024799e+00 0.0000000000000000e+00
