1.9715000000000000e+01
2.0699999999999999e-01 0.0000000000000000e+00 -5.0000000000000001e-03
2.2020000000000000e+00 0.0000000000000000e+00 -1.9100000000000000e-01
0.0000000000000000e+00 3.4620000000000002e+00 0.0000000000000000e+00
-1.9100000000000000e-01 0.0000000000000000e+00 5.4900000000000002e+00
1.7835000000000001e+01
2.1900000000000000e-01 0.0000000000000000e+00 -6.0000000000000001e-03
2.1980000000000000e+00 0.0000000000000000e+00 -1.9200000000000000e-01
0.0000000000000000e+00 3.4300000000000002e+00 0.0000000000000000e+00
-1.9200000000000000e-01 0.0000000000000000e+00 5.4580000000000002e+00
