8.7753999999999999e-01
3.5893999999999998e-01
2.6800000000000002e+00
-2.0669999999999999e-01 0.0000000000000000e+00 4.9349999999999993e-03
-1.1500000000000000e-01
8
-8.7266462599716474e-02
-4.3633231299858237e-02
0.0000000000000000e+00
4.3633231299858237e-02
8.7266462599716474e-02
1.3089969389957470e-01
1.7453292519943295e-01
2.1816615649929119e-01
8
-2.0469999999999999e-02
-2.7519999999999999e-02
-2.2610000000000002e-02
-5.7800000000000004e-03
2.2849999999999999e-02
6.3070000000000001e-02
1.1455000000000000e-01
1.7691999999999999e-01
8
0.0000000000000000e+00
0.0000000000000000e+00
0.0000000000000000e+00
0.0000000000000000e+00
-0.0000000000000000e+00
-0.0000000000000000e+00
-0.0000000000000000e+00
-0.0000000000000000e+00
8
-1.6538000000000000e-01
-3.5866999999999999e-01
-5.5115999999999998e-01
-7.4136999999999997e-01
-9.2786000000000002e-01
-1.1092100000000000e+00
-1.2840400000000001e+00
-1.4510200000000000e+00
8
1.1917522138721114e-02
1.2146705256773435e-02
1.1917522138721194e-02
1.1459155902616475e-02
1.0313240312354876e-02
8.2505922498838369e-03
6.1879441874130364e-03
3.4377467707851972e-03
8
-4.7990944920157758e-01
-4.8105536479183925e-01
-4.8128454790989156e-01
-4.8059699855573451e-01
-4.7922189984742058e-01
-4.7670088554884493e-01
-4.7326313877806003e-01
-4.6890865953506572e-01
8
6.8754935415697577e-03
1.5126085791453595e-02
2.3605861159389355e-02
3.1856453409273823e-02
3.9877862541104467e-02
4.7899271672935111e-02
5.5462314568665724e-02
6.2796174346337413e-02
8
-1.7249999999999991e-04
-6.3750000000000005e-05
4.3749999999999952e-05
1.5249999999999997e-04
2.5999999999999981e-04
3.6625000000000026e-04
4.6999999999999993e-04
5.6874999999999981e-04
8
0.0000000000000000e+00
0.0000000000000000e+00
0.0000000000000000e+00
0.0000000000000000e+00
0.0000000000000000e+00
0.0000000000000000e+00
0.0000000000000000e+00
0.0000000000000000e+00
8
-8.0387500000000008e-03
-8.0437499999999953e-03
-8.0162500000000025e-03
-7.9599999999999949e-03
-7.8725000000000045e-03
-7.7550000000000119e-03
-7.6100000000000056e-03
-7.4374999999999858e-03
8
-0.0000000000000000e+00
-9.9999999999999995e-07
-1.9999999999999999e-06
-3.0000000000000001e-06
-3.9999999999999998e-06
-5.0000000000000004e-06
-6.0000000000000002e-06
-6.9999999999999999e-06
8
2.1433000000000001e-02
5.9041000000000003e-02
9.6534999999999996e-02
1.3384699999999999e-01
1.7090300000000000e-01
2.0763400000000001e-01
2.4396999999999999e-01
2.7984100000000001e-01
8
-0.0000000000000000e+00
0.0000000000000000e+00
-0.0000000000000000e+00
-0.0000000000000000e+00
0.0000000000000000e+00
0.0000000000000000e+00
-0.0000000000000000e+00
-0.0000000000000000e+00
8
-6.1344200000000004e-01
-3.7259700000000001e-01
-1.3104299999999999e-01
1.1076000000000000e-01
3.5235200000000000e-01
5.9327399999999997e-01
8.3306599999999997e-01
1.0712720000000000e+00
8
0.0000000000000000e+00
0.0000000000000000e+00
0.0000000000000000e+00
-0.0000000000000000e+00
-0.0000000000000000e+00
0.0000000000000000e+00
-0.0000000000000000e+00
-0.0000000000000000e+00
8
-7.6135799999999998e+00
-7.5664680000000004e+00
-7.5049510000000001e+00
-7.4291510000000001e+00
-7.3392080000000002e+00
-7.2352930000000004e+00
-7.1176060000000003e+00
-6.9863700000000000e+00
8
0.0000000000000000e+00
0.0000000000000000e+00
0.0000000000000000e+00
0.0000000000000000e+00
0.0000000000000000e+00
0.0000000000000000e+00
9.9999999999999995e-07
9.9999999999999995e-07
8
3.8054399999999999e-01
3.7982100000000002e-01
3.7837599999999999e-01
3.7621100000000002e-01
3.7332900000000002e-01
3.6973699999999998e-01
3.6544100000000002e-01
3.6044900000000002e-01
8
-0.0000000000000000e+00
-0.0000000000000000e+00
0.0000000000000000e+00
-0.0000000000000000e+00
-0.0000000000000000e+00
-0.0000000000000000e+00
-0.0000000000000000e+00
-0.0000000000000000e+00
8
0.0000000000000000e+00
0.0000000000000000e+00
-0.0000000000000000e+00
-0.0000000000000000e+00
-0.0000000000000000e+00
-0.0000000000000000e+00
-0.0000000000000000e+00
-0.0000000000000000e+00
8
3.8999999999999999e-05
2.5000000000000001e-05
1.2000000000000000e-05
-9.9999999999999995e-07
-1.4000000000000000e-05
-2.5999999999999998e-05
-3.8000000000000002e-05
-5.0000000000000002e-05
8
-0.0000000000000000e+00
0.0000000000000000e+00
-0.0000000000000000e+00
0.0000000000000000e+00
-0.0000000000000000e+00
-0.0000000000000000e+00
-0.0000000000000000e+00
-0.0000000000000000e+00
8
7.2000000000000002e-05
2.8000000000000000e-05
-1.7000000000000000e-05
-6.2000000000000003e-05
-1.0700000000000000e-04
-1.5100000000000001e-04
-1.9300000000000000e-04
-2.3499999999999999e-04
8
2.5940000000000000e-03
2.6029999999999998e-03
2.6020000000000001e-03
2.5910000000000000e-03
2.5699999999999998e-03
2.5390000000000000e-03
2.5000000000000001e-03
2.4510000000000001e-03
8
4.0049999999999999e-03
4.0190000000000000e-03
4.0169999999999997e-03
3.9990000000000000e-03
3.9670000000000000e-03
3.9199999999999999e-03
3.8579999999999999e-03
3.7820000000000002e-03
8
-7.2000000000000002e-05
-2.8000000000000000e-05
1.7000000000000000e-05
6.2000000000000003e-05
1.0700000000000000e-04
1.5100000000000001e-04
1.9300000000000000e-04
2.3499999999999999e-04
8
2.5940000000000000e-03
2.6029999999999998e-03
2.6020000000000001e-03
2.5910000000000000e-03
2.5699999999999998e-03
2.5390000000000000e-03
2.5000000000000001e-03
2.4510000000000001e-03
8
-4.0049999999999999e-03
-4.0190000000000000e-03
-4.0169999999999997e-03
-3.9990000000000000e-03
-3.9670000000000000e-03
-3.9199999999999999e-03
-3.8579999999999999e-03
-3.7820000000000002e-03
8
0.0000000000000000e+00
-0.0000000000000000e+00
-0.0000000000000000e+00
-0.0000000000000000e+00
-0.0000000000000000e+00
0.0000000000000000e+00
0.0000000000000000e+00
-0.0000000000000000e+00
8
1.1080000000000000e-01
4.8640000000000003e-02
-1.4470000000000000e-02
-7.8049999999999994e-02
-1.4162000000000000e-01
-2.0469000000000001e-01
-2.6678000000000002e-01
-3.2741999999999999e-01
8
-0.0000000000000000e+00
0.0000000000000000e+00
0.0000000000000000e+00
0.0000000000000000e+00
0.0000000000000000e+00
0.0000000000000000e+00
0.0000000000000000e+00
0.0000000000000000e+00
8
-1.5584452027558393e-02
-3.1168904055116787e-02
-4.6753356082675182e-02
-6.2337808110233574e-02
-7.7693077019739626e-02
-9.2819162811193359e-02
-1.0794524860264709e-01
-1.2284215127604850e-01
8
-9.1673247220931172e-03
-6.6463104235176765e-03
-3.8961130068895984e-03
-1.1459155902618383e-03
1.6042818263660012e-03
4.5836623610467173e-03
7.1046766596229525e-03
9.8548740762498376e-03
8
9.8090374526396934e-02
9.9007106998606251e-02
9.9465473234710916e-02
9.9923839470815581e-02
1.0015302258886789e-01
1.0015302258886789e-01
9.9923839470815581e-02
9.9465473234710916e-02
8
-0.0000000000000000e+00
0.0000000000000000e+00
0.0000000000000000e+00
0.0000000000000000e+00
-0.0000000000000000e+00
0.0000000000000000e+00
0.0000000000000000e+00
0.0000000000000000e+00
8
-3.1987500000000002e-02
-3.2063750000000002e-02
-3.2018749999999999e-02
-3.1852499999999999e-02
-3.1565000000000003e-02
-3.1158750000000002e-02
-3.0638749999999996e-02
-3.0004999999999997e-02
8
0.0000000000000000e+00
0.0000000000000000e+00
0.0000000000000000e+00
0.0000000000000000e+00
0.0000000000000000e+00
0.0000000000000000e+00
0.0000000000000000e+00
0.0000000000000000e+00
8
-5.3087899999999999e-01
-5.3246400000000005e-01
-5.3303599999999995e-01
-5.3259299999999998e-01
-5.3113699999999997e-01
-5.2866899999999994e-01
-5.2519499999999997e-01
-5.2072200000000002e-01
8
0.0000000000000000e+00
0.0000000000000000e+00
0.0000000000000000e+00
0.0000000000000000e+00
0.0000000000000000e+00
0.0000000000000000e+00
0.0000000000000000e+00
0.0000000000000000e+00
8
1.2385000000000000e-02
-2.5264000000000002e-02
-6.2864000000000003e-02
-1.0034500000000000e-01
-1.3763500000000001e-01
-1.7466300000000001e-01
-2.1135799999999999e-01
-2.4765100000000001e-01
8
-0.0000000000000000e+00
-0.0000000000000000e+00
-0.0000000000000000e+00
-0.0000000000000000e+00
-0.0000000000000000e+00
-0.0000000000000000e+00
0.0000000000000000e+00
0.0000000000000000e+00
8
-1.9924671000000000e+01
-1.9898793999999999e+01
-1.9835037000000000e+01
-1.9733526000000001e+01
-1.9594452000000000e+01
-1.9418075999999999e+01
-1.9204737000000002e+01
-1.8954841999999999e+01
8
-0.0000000000000000e+00
0.0000000000000000e+00
0.0000000000000000e+00
0.0000000000000000e+00
9.9999999999999995e-07
9.9999999999999995e-07
9.9999999999999995e-07
9.9999999999999995e-07
8
1.0593500000000000e-01
1.3478100000000001e-01
1.6337199999999999e-01
1.9165099999999999e-01
2.1956500000000001e-01
2.4706200000000000e-01
2.7408800000000000e-01
3.0059200000000003e-01
8
-0.0000000000000000e+00
-0.0000000000000000e+00
-0.0000000000000000e+00
-0.0000000000000000e+00
0.0000000000000000e+00
-0.0000000000000000e+00
-0.0000000000000000e+00
-0.0000000000000000e+00
8
-1.9806799999999999e-01
-1.9749500000000000e-01
-1.9654700000000000e-01
-1.9522400000000001e-01
-1.9353000000000001e-01
-1.9146700000000000e-01
-1.8904000000000001e-01
-1.8625300000000000e-01
8
-4.3550000000000004e-03
-4.3439999999999998e-03
-4.3160000000000004e-03
-4.2709999999999996e-03
-4.2110000000000003e-03
-4.1349999999999998e-03
-4.0429999999999997e-03
-3.9379999999999997e-03
8
-0.0000000000000000e+00
-0.0000000000000000e+00
-0.0000000000000000e+00
0.0000000000000000e+00
0.0000000000000000e+00
0.0000000000000000e+00
0.0000000000000000e+00
0.0000000000000000e+00
8
3.2299999999999999e-04
2.7900000000000001e-04
2.3300000000000000e-04
1.8799999999999999e-04
1.4300000000000001e-04
9.8999999999999994e-05
5.5000000000000002e-05
1.2999999999999999e-05
8
-5.5999999999999999e-05
-6.0999999999999999e-05
-6.6000000000000005e-05
-7.1000000000000005e-05
-7.6000000000000004e-05
-8.0000000000000007e-05
-8.3999999999999995e-05
-8.7000000000000001e-05
8
1.5935999999999999e-02
1.6010000000000000e-02
1.6022999999999999e-02
1.5976000000000001e-02
1.5866999999999999e-02
1.5699000000000001e-02
1.5473000000000001e-02
1.5188999999999999e-02
8
-1.4330000000000000e-03
-1.4400000000000001e-03
-1.4410000000000000e-03
-1.4369999999999999e-03
-1.4280000000000000e-03
-1.4130000000000000e-03
-1.3920000000000000e-03
-1.3669999999999999e-03
8
-5.5999999999999999e-05
-6.0999999999999999e-05
-6.6000000000000005e-05
-7.1000000000000005e-05
-7.6000000000000004e-05
-8.0000000000000007e-05
-8.3999999999999995e-05
-8.7000000000000001e-05
8
-1.5935999999999999e-02
-1.6010000000000000e-02
-1.6022999999999999e-02
-1.5976000000000001e-02
-1.5866999999999999e-02
-1.5699000000000001e-02
-1.5473000000000001e-02
-1.5188999999999999e-02
8
-1.4330000000000000e-03
-1.4400000000000001e-03
-1.4410000000000000e-03
-1.4369999999999999e-03
-1.4280000000000000e-03
-1.4130000000000000e-03
-1.3920000000000000e-03
-1.3669999999999999e-03
