123
0.00000000e+00
1.00000000e-02
2.00000000e-02
3.00000000e-02
4.00000000e-02
5.00000000e-02
6.00000000e-02
7.00000000e-02
8.00000000e-02
9.00000000e-02
1.00000000e-01
1.10000000e-01
1.20000000e-01
1.30000000e-01
1.40000000e-01
1.50000000e-01
1.60000000e-01
1.70000000e-01
1.80000000e-01
1.90000000e-01
2.00000000e-01
2.10000000e-01
2.20000000e-01
2.30000000e-01
2.40000000e-01
2.50000000e-01
2.60000000e-01
2.70000000e-01
2.80000000e-01
2.90000000e-01
3.00000000e-01
3.10000000e-01
3.20000000e-01
3.30000000e-01
3.40000000e-01
3.50000000e-01
3.60000000e-01
3.70000000e-01
3.80000000e-01
3.90000000e-01
4.00000000e-01
4.10000000e-01
4.20000000e-01
4.30000000e-01
4.40000000e-01
4.50000000e-01
4.60000000e-01
4.70000000e-01
4.80000000e-01
4.90000000e-01
5.00000000e-01
5.10000000e-01
5.20000000e-01
5.30000000e-01
5.40000000e-01
5.50000000e-01
5.60000000e-01
5.70000000e-01
5.80000000e-01
5.90000000e-01
6.00000000e-01
6.10000000e-01
6.20000000e-01
6.30000000e-01
6.40000000e-01
6.50000000e-01
6.60000000e-01
6.70000000e-01
6.80000000e-01
6.90000000e-01
7.00000000e-01
7.10000000e-01
7.20000000e-01
7.30000000e-01
7.40000000e-01
7.50000000e-01
7.60000000e-01
7.70000000e-01
7.80000000e-01
7.90000000e-01
8.00000000e-01
8.10000000e-01
8.20000000e-01
8.30000000e-01
8.40000000e-01
8.50000000e-01
8.60000000e-01
8.70000000e-01
8.80000000e-01
8.90000000e-01
9.00000000e-01
9.10000000e-01
9.20000000e-01
9.30000000e-01
9.40000000e-01
9.50000000e-01
9.60000000e-01
9.70000000e-01
9.80000000e-01
9.90000000e-01
1.00000000e+00
1.01000000e+00
1.02000000e+00
1.03000000e+00
1.04000000e+00
1.05000000e+00
1.06000000e+00
1.07000000e+00
1.08000000e+00
1.09000000e+00
1.10000000e+00
1.11000000e+00
1.12000000e+00
1.13000000e+00
1.14000000e+00
1.15000000e+00
1.16000000e+00
1.17000000e+00
1.18000000e+00
1.19000000e+00
1.20000000e+00
1.21000000e+00
1.22000000e+00
123
1.2674900000000000e-01
1.2727076050000000e-01
1.2775414400000001e-01
1.2819525349999999e-01
1.2859019199999999e-01
1.2893506250000000e-01
1.2922596800000000e-01
1.2945901150000000e-01
1.2963029600000001e-01
1.2973592449999999e-01
1.2977200000000000e-01
1.2974495263648028e-01
1.2966816937415215e-01
1.2954818845536206e-01
1.2939154812245646e-01
1.2920478661778184e-01
1.2899444218368469e-01
1.2876705306251146e-01
1.2852915749660862e-01
1.2828729372832265e-01
1.2804800000000000e-01
1.2779304058857427e-01
1.2750222229680264e-01
1.2717914715576698e-01
1.2682741719654911e-01
1.2645063445023089e-01
1.2605240094789422e-01
1.2563631872062095e-01
1.2520598979949291e-01
1.2476501621559197e-01
1.2431700000000000e-01
1.2385392408027900e-01
1.2336580680804830e-01
1.2285330335047581e-01
1.2231706887472940e-01
1.2175775854797695e-01
1.2117602753738634e-01
1.2057253101012545e-01
1.1994792413336218e-01
1.1930286207426441e-01
1.1863799999999999e-01
1.1794769016736364e-01
1.1722592383687093e-01
1.1647281468127099e-01
1.1568847637331302e-01
1.1487302258574618e-01
1.1402656699131965e-01
1.1314922326278259e-01
1.1224110507288419e-01
1.1130232609437360e-01
1.1033300000000000e-01
1.0931904552011722e-01
1.0824940288974980e-01
1.0712871803865306e-01
1.0596163689658229e-01
1.0475280539329282e-01
1.0350686945853990e-01
1.0222847502207887e-01
1.0092226801366501e-01
9.9592894363053616e-02
9.8244999999999999e-02
9.6857720062709318e-02
9.5412841055714306e-02
9.3918985958261661e-02
9.2384777749598052e-02
9.0818839408970162e-02
8.9229793915624647e-02
8.7626264248808206e-02
8.6016873387767492e-02
8.4410244311749205e-02
8.2815000000000000e-02
8.1223965731038100e-02
7.9624100097698464e-02
7.8015226050702893e-02
7.6397166540773206e-02
7.4769744518631220e-02
7.3132782934998725e-02
7.1486104740597550e-02
6.9829532886149487e-02
6.8162890322376379e-02
6.6486000000000003e-02
6.4794426463380461e-02
6.3085753463208105e-02
6.1362832759700205e-02
5.9628516113074029e-02
5.7885655283546847e-02
5.6137102031335907e-02
5.4385708116658507e-02
5.2634325299731874e-02
5.0885805340773291e-02
4.9143000000000020e-02
4.7402997061203100e-02
4.5659000000000019e-02
4.3910120585234177e-02
4.2154999999999998e-02
4.0389945483485942e-02
3.8621000000000003e-02
3.6880004496873335e-02
3.5085999999999999e-02
3.3098575610414023e-02
3.1101000000000000e-02
2.9275916093000794e-02
2.7493000000000000e-02
2.5680689624009812e-02
2.3864000000000000e-02
2.2045863034529805e-02
2.0220999999999999e-02
1.8383322418796647e-02
1.6538000000000001e-02
1.4682197765269181e-02
1.2834000000000000e-02
1.1055089770680884e-02
9.2110000000000438e-03
7.0803075773707346e-03
4.9319999999999998e-03
3.0320663165718047e-03
1.1869999999999999e-03
-7.0966660388287629e-04
-2.6180000000000001e-03
-4.5384543165773970e-03
-6.4559999999999999e-03
-8.3539742782152236e-03
-1.0238000000000001e-02
123
7.5074000000000002e-02
7.4544401999999996e-02
7.4064896000000005e-02
7.3636814000000009e-02
7.3261488000000000e-02
7.2940250000000012e-02
7.2674432000000011e-02
7.2465366000000003e-02
7.2314384000000009e-02
7.2222818000000008e-02
7.2192000000000006e-02
7.2238286058968065e-02
7.2367408209664211e-02
7.2564762412776415e-02
7.2815744628992637e-02
7.3105750819000823e-02
7.3420176943488943e-02
7.3744418963144973e-02
7.4063872838656841e-02
7.4363934530712536e-02
7.4630000000000002e-02
7.4875749471032288e-02
7.5123928056435862e-02
7.5373529049068785e-02
7.5623545741789144e-02
7.5872971427455013e-02
7.6120799398924494e-02
7.6366022949055659e-02
7.6607635370706570e-02
7.6844629956735327e-02
7.7076000000000006e-02
7.7307731351252074e-02
7.7544284835470809e-02
7.7782366206856066e-02
7.8018681219607630e-02
7.8249935627925357e-02
7.8472835186009046e-02
7.8684085648058538e-02
7.8880392768273633e-02
7.9058462300854185e-02
7.9214999999999994e-02
7.9362789697400987e-02
7.9513854336633660e-02
7.9663758339727719e-02
7.9808066128712871e-02
7.9942342125618807e-02
8.0062150752475247e-02
8.0163056431311885e-02
8.0240623584158413e-02
8.0290416633044565e-02
8.0308000000000004e-02
8.0281177499581594e-02
8.0204471109623435e-02
8.0083522497071138e-02
7.9923973328870301e-02
7.9731465271966534e-02
7.9511639993305447e-02
7.9270139159832637e-02
7.9012604438493728e-02
7.8744677496234317e-02
7.8472000000000000e-02
7.8159163437407544e-02
7.7773061103344004e-02
7.7322787375660382e-02
7.6817436632207733e-02
7.6266103250837089e-02
7.5677881609399464e-02
7.5061866085745915e-02
7.4427151057727459e-02
7.3782830903195151e-02
7.3137999999999995e-02
7.2474636746904617e-02
7.1770827253738373e-02
7.1029827464952455e-02
7.0254893324998055e-02
6.9449280778326350e-02
6.8616245769388545e-02
6.7759044242635819e-02
6.6880932142519361e-02
6.5985165413490351e-02
6.5074999999999994e-02
6.4140292771751997e-02
6.3170488071675676e-02
6.2168223054060660e-02
6.1136134873196565e-02
6.0076860683373021e-02
5.8993037638879628e-02
5.7887302894006024e-02
5.6762293603041802e-02
5.5620646920276594e-02
5.4465000000000013e-02
5.3253968226552054e-02
5.1992000000000010e-02
5.0714479264163170e-02
4.9408000000000001e-02
4.8069130899234903e-02
4.6703000000000001e-02
4.5297713553881853e-02
4.3901999999999997e-02
4.2599000522544277e-02
4.1270000000000001e-02
3.9787939618586940e-02
3.8238000000000001e-02
3.6677768264836180e-02
3.5089000000000002e-02
3.3474503883399176e-02
3.1829000000000003e-02
3.0146233978083612e-02
2.8431000000000001e-02
2.6679569472396518e-02
2.4912000000000000e-02
2.3126511335104172e-02
2.1387000000000038e-02
1.9817321362540167e-02
1.8217000000000001e-02
1.6365761552412341e-02
1.4407000000000000e-02
1.2438448514028437e-02
1.0432000000000000e-02
8.3863895332777910e-03
6.3200000000000001e-03
4.2538805220579323e-03
2.1809999999999998e-03
5.1000000000000001e-01
4.1800000000000000e+03
2.7000000000000000e+01
1.3000000000000000e+02
9.9999999999999995e-08
