0.0000000000000000e+00 2.0000000000000000e-02 62
1.2674900000000000e-01 7.5074000000000002e-02
1.2775414400000001e-01 7.4064896000000005e-02
1.2859019199999999e-01 7.3261488000000000e-02
1.2922596800000000e-01 7.2674432000000011e-02
1.2963029600000001e-01 7.2314384000000009e-02
1.2977200000000000e-01 7.2192000000000006e-02
1.2966816937415215e-01 7.2367408209664211e-02
1.2939154812245646e-01 7.2815744628992637e-02
1.2899444218368469e-01 7.3420176943488943e-02
1.2852915749660862e-01 7.4063872838656841e-02
1.2804800000000000e-01 7.4630000000000002e-02
1.2750222229680264e-01 7.5123928056435862e-02
1.2682741719654911e-01 7.5623545741789144e-02
1.2605240094789422e-01 7.6120799398924494e-02
1.2520598979949291e-01 7.6607635370706570e-02
1.2431700000000000e-01 7.7076000000000006e-02
1.2336580680804830e-01 7.7544284835470809e-02
1.2231706887472940e-01 7.8018681219607630e-02
1.2117602753738634e-01 7.8472835186009046e-02
1.1994792413336218e-01 7.8880392768273633e-02
1.1863799999999999e-01 7.9214999999999994e-02
1.1722592383687093e-01 7.9513854336633660e-02
1.1568847637331302e-01 7.9808066128712871e-02
1.1402656699131965e-01 8.0062150752475247e-02
1.1224110507288419e-01 8.0240623584158413e-02
1.1033300000000000e-01 8.0308000000000004e-02
1.0824940288974980e-01 8.0204471109623435e-02
1.0596163689658229e-01 7.9923973328870301e-02
1.0350686945853990e-01 7.9511639993305447e-02
1.0092226801366501e-01 7.9012604438493728e-02
9.8244999999999999e-02 7.8472000000000000e-02
9.5412841055714306e-02 7.7773061103344004e-02
9.2384777749598052e-02 7.6817436632207733e-02
8.9229793915624647e-02 7.5677881609399464e-02
8.6016873387767492e-02 7.4427151057727459e-02
8.2815000000000000e-02 7.3137999999999995e-02
7.9624100097698464e-02 7.1770827253738373e-02
7.6397166540773206e-02 7.0254893324998055e-02
7.3132782934998725e-02 6.8616245769388545e-02
6.9829532886149487e-02 6.6880932142519361e-02
6.6486000000000003e-02 6.5074999999999994e-02
6.3085753463208105e-02 6.3170488071675676e-02
5.9628516113074029e-02 6.1136134873196565e-02
5.6137102031335907e-02 5.8993037638879628e-02
5.2634325299731874e-02 5.6762293603041802e-02
4.9143000000000020e-02 5.4465000000000013e-02
4.5659000000000019e-02 5.1992000000000010e-02
4.2154999999999998e-02 4.9408000000000001e-02
3.8621000000000003e-02 4.6703000000000001e-02
3.5085999999999999e-02 4.3901999999999997e-02
3.1101000000000000e-02 4.1270000000000001e-02
2.7493000000000000e-02 3.8238000000000001e-02
2.3864000000000000e-02 3.5089000000000002e-02
2.0220999999999999e-02 3.1829000000000003e-02
1.6538000000000001e-02 2.8431000000000001e-02
1.2834000000000000e-02 2.4912000000000000e-02
9.2110000000000438e-03 2.1387000000000038e-02
4.9319999999999998e-03 1.8217000000000001e-02
1.1869999999999999e-03 1.4407000000000000e-02
-2.6180000000000001e-03 1.0432000000000000e-02
-6.4559999999999999e-03 6.3200000000000001e-03
-1.0238000000000001e-02 2.1809999999999998e-03
4.5000000000000001e-01
3.5000000000000000e+03
2.7000000000000000e+01
1.3000000000000000e+02
-8.7266462599716480e-04 1.7453292519943296e-03 0.0000000000000000e+00
4.3169999999999997e-01 0.0000000000000000e+00 -4.9350000000000002e-03
2.2000000000000001e-07
