1127814431
655930988
1491640902
1208772778
1124981204
2114556507
324893749
339764579
12294765
408230666
936693798
1497084908
1342656579
1487070208
1080850627
1858627451
355326488
1375583719
1162176459
724308832
1829555470
2111356685
422112705
1812575198
1529135900
359262478
1030506058
727746117
1457248710
153552181
1327792450
289420010
1028897078
1476598456
1878923123
1645923683
907767757
669634600
462869614
1151177006
205452189
754215576
1489325797
173449604
122279928
859560164
1039553316
1974108545
1396388278
1600128975
396690550
2035859957
1768656356
642172702
110803178
223240946
1896802813
909096192
1766880249
284178280
957559099
313451054
512405642
1895281155
646228355
332163613
185870660
289164696
2129184773
1884615810
712767011
2065953243
1462312028
1798956503
1372210168
964969503
1419724888
1130148415
1596308627
1083045472
1000045593
1665815509
434158620
1677839031
1768217091
1331795521
310382557
1599895548
274891359
621291460
1866193325
1374820732
616627171
739782281
187132840
188354294
1754087288
1415538081
446176940
734720939
